-0.8809999823570251,4.40500020980835,8.465999603271484
-0.9190000295639038,4.386000156402588,9.059000015258789
-1.034000039100647,4.309000015258789,8.407999992370605
-0.8420000076293945,4.3480000495910645,8.503999710083008
-1.4170000553131104,4.577000141143799,9.059000015258789
-2.0869998931884766,5.056000232696533,8.541999816894531
-1.7039999961853027,4.788000106811523,8.484999656677246
-1.819000005722046,4.691999912261963,8.465999603271484
-1.6660000085830688,4.558000087738037,8.88700008392334
-1.531999945640564,4.730999946594238,8.541999816894531
-1.49399995803833,4.519999980926514,8.581000328063965
-1.3980000019073486,4.519999980926514,8.503999710083008
-1.3209999799728394,4.710999965667725,8.8100004196167
-1.090999960899353,4.691999912261963,8.541999816894531
-0.9190000295639038,4.730999946594238,8.944999694824219
-0.7080000042915344,4.826000213623047,9.039999961853027
-1.034000039100647,4.883999824523926,7.718999862670898
-0.9380000233650208,4.672999858856201,8.541999816894531
-0.9380000233650208,4.423999786376953,8.906000137329102
-0.9760000109672546,4.461999893188477,8.88700008392334
-0.9760000109672546,4.2129998207092285,9.42300033569336
-1.2059999704360962,4.309000015258789,8.848999977111816
-1.4739999771118164,4.270999908447266,8.906000137329102
-1.3209999799728394,4.13700008392334,9.25100040435791
-1.2059999704360962,4.193999767303467,8.848999977111816
-1.2640000581741333,4.13700008392334,8.944999694824219
-1.0720000267028809,4.098999977111816,8.88700008392334
-1.0720000267028809,4.021999835968018,8.848999977111816
-1.187000036239624,4.328000068664551,8.619000434875488
-1.1299999952316284,4.021999835968018,9.116999626159668
-1.1679999828338623,4.059999942779541,8.829999923706055
-1.1100000143051147,4.021999835968018,8.982999801635742
-1.1490000486373901,4.040999889373779,8.71500015258789
-1.1490000486373901,4.040999889373779,8.96399974822998
-1.1100000143051147,4.098999977111816,8.791000366210938
-1.1100000143051147,4.040999889373779,9.001999855041504
-1.1490000486373901,4.078999996185303,8.944999694824219
-1.2059999704360962,4.059999942779541,8.71500015258789
-1.2829999923706055,4.156000137329102,9.020999908447266
-1.034000039100647,4.059999942779541,8.925000190734863
-1.187000036239624,4.021999835968018,8.8100004196167
-1.3020000457763672,3.944999933242798,8.944999694824219
-1.225000023841858,3.9639999866485596,9.059000015258789
-1.340000033378601,3.753999948501587,9.366000175476074
-1.340000033378601,3.86899995803833,8.868000030517578
-1.378999948501587,3.8299999237060547,9.020999908447266
-1.3980000019073486,3.7920000553131104,9.116999626159668
-1.3589999675750732,3.811000108718872,8.772000312805176
-1.4550000429153442,3.811000108718872,9.097999572753906
-1.3980000019073486,3.8299999237060547,9.232000350952148
-1.5130000114440918,4.232999801635742,8.484999656677246
-1.49399995803833,4.328000068664551,8.944999694824219
-1.5509999990463257,4.367000102996826,8.753000259399414
-1.5700000524520874,4.442999839782715,8.581000328063965
-1.5889999866485596,4.367000102996826,8.982999801635742
-2.4700000286102295,4.461999893188477,9.059000015258789
-3.1410000324249268,4.921999931335449,7.660999774932861
-3.25600004196167,5.650000095367432,8.656999588012695
-5.534999847412109,7.202000141143799,4.442999839782715
-6.1479997634887695,7.565000057220459,4.960000038146973
-4.940999984741211,6.531000137329102,5.861000061035156
-4.539000034332275,6.320000171661377,5.97599983215332
-4.710999965667725,6.052000045776367,6.761000156402588
-4.672999858856201,5.955999851226807,6.415999889373779
-4.710999965667725,5.802999973297119,7.066999912261963
-4.500999927520752,5.688000202178955,6.377999782562256
-4.461999893188477,4.826000213623047,7.565000057220459
-3.2939999103546143,4.519999980926514,8.062999725341797
-2.9679999351501465,4.539000034332275,8.312000274658203
-3.1019999980926514,4.616000175476074,8.407999992370605
-3.0450000762939453,4.940999984741211,7.451000213623047
-4.289999961853027,5.918000221252441,7.105999946594238
-5.113999843597412,5.936999797821045,6.110000133514404
-4.251999855041504,5.534999847412109,7.202000141143799
-4.193999767303467,5.248000144958496,7.5269999504089355
-3.505000114440918,5.1519999504089355,7.660999774932861
-3.427999973297119,4.940999984741211,8.121000289916992
-2.815000057220459,4.980000019073486,8.696000099182129
-2.9679999351501465,6.415999889373779,6.7230000495910645
-5.783999919891357,6.953000068664551,3.0829999446868896
-5.056000232696533,6.493000030517578,6.473999977111816
-4.769000053405762,6.052000045776367,6.204999923706055
-4.3480000495910645,6.129000186920166,6.51200008392334
-4.519999980926514,5.802999973297119,7.144000053405762
-4.461999893188477,5.63100004196167,7.258999824523926
-3.2750000953674316,5.515999794006348,7.909999847412109
-3.371000051498413,5.497000217437744,7.623000144958496
-3.734999895095825,5.343999862670898,6.894999980926514
-2.739000082015991,5.534999847412109,8.005999565124512
-3.4660000801086426,5.343999862670898,8.024999618530273
-3.8499999046325684,4.423999786376953,7.928999900817871
-2.9489998817443848,5.229000091552734,8.159000396728516
-2.565999984741211,4.980000019073486,8.178000450134277
-2.509000062942505,5.074999809265137,8.560999870300293
-2.2019999027252197,5.0370001792907715,8.236000061035156
-2.2790000438690186,4.940999984741211,8.293000221252441
-2.4700000286102295,4.807000160217285,8.868000030517578
-2.0869998931884766,4.960000038146973,8.27400016784668
-2.546999931335449,4.999000072479248,8.388999938964844
-2.4700000286102295,5.056000232696533,8.465999603271484
-2.1640000343322754,5.074999809265137,8.217000007629395
-2.3940000534057617,5.171000003814697,8.331999778747559
-2.6429998874664307,5.171000003814697,8.083000183105469
-2.6619999408721924,5.304999828338623,7.928999900817871
-2.490000009536743,5.343999862670898,9.42300033569336
-0.1340000033378601,4.3480000495910645,8.005999565124512
2.0490000247955322,4.251999855041504,6.8379998207092285
-2.1640000343322754,2.5280001163482666,9.557000160217285
-1.7039999961853027,2.375,9.5
-0.8230000138282776,2.2980000972747803,9.461999893188477
-1.8769999742507935,2.010999917984009,9.079000473022461
-2.431999921798706,1.2640000581741333,9.652999877929688
-3.8499999046325684,1.531999945640564,10.246999740600586
-2.1059999465942383,2.5280001163482666,8.331999778747559
-2.7960000038146973,1.7619999647140503,9.213000297546387
0.6119999885559082,3.006999969482422,6.129000186920166
-0.4779999852180481,0.6119999885559082,22.429000854492188
-0.8999999761581421,-0.1720000058412552,9.13599967956543
-0.49799999594688416,0.32499998807907104,9.633999824523926
-0.49799999594688416,0.746999979019165,9.652999877929688
-0.4399999976158142,0.6700000166893005,9.42300033569336
-0.4020000100135803,0.6700000166893005,9.786999702453613
-0.4020000100135803,0.6700000166893005,9.614999771118164
-0.3630000054836273,0.6700000166893005,9.595999717712402
-0.3630000054836273,0.6320000290870667,9.67199993133545
-0.3630000054836273,0.6320000290870667,9.692000389099121
-0.382999986410141,0.6890000104904175,9.711000442504883
-0.382999986410141,0.7080000042915344,9.711000442504883
-0.42100000381469727,0.6700000166893005,9.595999717712402
-0.4399999976158142,0.6320000290870667,9.633999824523926
-0.3630000054836273,0.6700000166893005,9.692000389099121
-0.382999986410141,0.6700000166893005,9.652999877929688
-0.4020000100135803,0.6510000228881836,9.729999542236328
-0.382999986410141,0.6510000228881836,9.595999717712402
-0.3440000116825104,0.6320000290870667,9.67199993133545
-0.382999986410141,0.6510000228881836,9.711000442504883
-0.42100000381469727,0.6890000104904175,9.692000389099121
-0.382999986410141,0.6700000166893005,9.692000389099121
-0.42100000381469727,0.6510000228881836,9.614999771118164
-0.42100000381469727,0.6700000166893005,9.633999824523926
-0.4020000100135803,0.6320000290870667,9.633999824523926
-0.42100000381469727,0.6119999885559082,9.711000442504883
-0.42100000381469727,0.6510000228881836,9.711000442504883
-0.382999986410141,0.6890000104904175,9.595999717712402
-0.382999986410141,0.6700000166893005,9.595999717712402
-0.3630000054836273,0.6320000290870667,9.67199993133545
-0.3440000116825104,0.7080000042915344,9.67199993133545
-0.382999986410141,0.6320000290870667,9.729999542236328
-0.3630000054836273,0.6700000166893005,9.692000389099121
-0.3630000054836273,0.6700000166893005,9.614999771118164
-0.382999986410141,0.6510000228881836,9.633999824523926
-0.3630000054836273,0.6510000228881836,9.633999824523926
-0.382999986410141,0.6890000104904175,9.692000389099121
-0.382999986410141,0.6700000166893005,9.692000389099121
-0.4020000100135803,0.6700000166893005,9.67199993133545
-0.382999986410141,0.6700000166893005,9.633999824523926
-0.4020000100135803,0.6890000104904175,9.652999877929688
-0.42100000381469727,0.6890000104904175,9.67199993133545
-0.4020000100135803,0.6510000228881836,9.711000442504883
-0.4020000100135803,0.6510000228881836,9.711000442504883
-0.42100000381469727,0.6510000228881836,9.57699966430664
-0.4020000100135803,0.6700000166893005,9.67199993133545
-0.382999986410141,0.6510000228881836,9.652999877929688
-0.42100000381469727,0.6510000228881836,9.692000389099121
-0.4020000100135803,0.6700000166893005,9.729999542236328
-0.42100000381469727,0.6890000104904175,9.614999771118164
-0.382999986410141,0.6320000290870667,9.633999824523926
-0.382999986410141,0.6510000228881836,9.711000442504883
-0.3630000054836273,0.6890000104904175,9.692000389099121
-0.4020000100135803,0.6700000166893005,9.711000442504883
-0.4020000100135803,0.6890000104904175,9.692000389099121
-0.3630000054836273,0.6119999885559082,9.711000442504883
-0.4020000100135803,0.6700000166893005,9.595999717712402
-0.382999986410141,0.6510000228881836,9.652999877929688
-0.382999986410141,0.6510000228881836,9.692000389099121
-0.382999986410141,0.6700000166893005,9.692000389099121
-0.4020000100135803,0.6320000290870667,9.692000389099121
-0.4020000100135803,0.6700000166893005,9.711000442504883
-0.3440000116825104,0.6510000228881836,9.595999717712402
-0.382999986410141,0.6510000228881836,9.614999771118164
-0.4020000100135803,0.6510000228881836,9.614999771118164
-0.3630000054836273,0.7269999980926514,9.652999877929688
-0.3630000054836273,0.6890000104904175,9.692000389099121
-0.4020000100135803,0.7080000042915344,9.711000442504883
-0.3059999942779541,0.5550000071525574,9.57699966430664
-0.3440000116825104,0.6119999885559082,9.595999717712402
-0.4020000100135803,0.7269999980926514,9.652999877929688
-0.3630000054836273,0.6510000228881836,9.67199993133545
-0.3630000054836273,0.6320000290870667,9.652999877929688
-0.3630000054836273,0.6700000166893005,9.652999877929688
-0.382999986410141,0.7080000042915344,9.652999877929688
-0.45899999141693115,0.7080000042915344,9.57699966430664
-0.42100000381469727,0.5740000009536743,9.692000389099121
-0.3630000054836273,0.5929999947547913,9.729999542236328
-0.4020000100135803,0.6119999885559082,9.614999771118164
-0.42100000381469727,0.7080000042915344,9.557000160217285
-0.4779999852180481,0.6890000104904175,9.692000389099121
-0.42100000381469727,0.6700000166893005,9.614999771118164
-0.4020000100135803,0.6510000228881836,9.652999877929688
-0.4399999976158142,0.7080000042915344,9.67199993133545
-0.42100000381469727,0.6890000104904175,9.711000442504883
-0.4020000100135803,0.6890000104904175,9.67199993133545
-0.4020000100135803,0.6700000166893005,9.614999771118164
-0.382999986410141,0.7080000042915344,9.614999771118164
-0.3630000054836273,0.6700000166893005,9.692000389099121
-0.3630000054836273,0.6890000104904175,9.711000442504883
-0.4399999976158142,0.6700000166893005,9.692000389099121
-0.4020000100135803,0.6510000228881836,9.557000160217285
-0.45899999141693115,0.7080000042915344,9.614999771118164
-0.4779999852180481,0.765999972820282,9.692000389099121
-0.4779999852180481,0.6119999885559082,9.711000442504883
-0.45899999141693115,0.7269999980926514,9.711000442504883
-0.4399999976158142,0.6700000166893005,9.786999702453613
-0.3440000116825104,0.6700000166893005,9.67199993133545
-0.382999986410141,0.6320000290870667,9.786999702453613
-0.49799999594688416,0.5170000195503235,9.67199993133545
-0.4779999852180481,0.5929999947547913,9.729999542236328
-0.4020000100135803,0.6510000228881836,9.614999771118164
-0.3630000054836273,0.765999972820282,9.74899959564209
-0.42100000381469727,0.8040000200271606,9.595999717712402
-0.5170000195503235,0.746999979019165,9.614999771118164
-0.4399999976158142,0.7269999980926514,9.57699966430664
-0.42100000381469727,0.6700000166893005,9.67199993133545
-0.4020000100135803,0.6510000228881836,9.692000389099121
-0.3630000054836273,0.6700000166893005,9.692000389099121
-0.382999986410141,0.7269999980926514,9.711000442504883
-0.42100000381469727,0.6890000104904175,9.595999717712402
-0.45899999141693115,0.6890000104904175,9.652999877929688
-0.4399999976158142,0.6890000104904175,9.692000389099121
-0.3630000054836273,0.6700000166893005,9.711000442504883
-0.4020000100135803,0.6890000104904175,9.74899959564209
-0.42100000381469727,0.6890000104904175,9.614999771118164
-0.42100000381469727,0.6700000166893005,9.633999824523926
-0.4020000100135803,0.6890000104904175,9.633999824523926
-0.4020000100135803,0.6890000104904175,9.692000389099121
-0.4020000100135803,0.6700000166893005,9.692000389099121
-0.4399999976158142,0.6890000104904175,9.729999542236328
-0.42100000381469727,0.6890000104904175,9.57699966430664
-0.4020000100135803,0.6700000166893005,9.652999877929688
-0.4020000100135803,0.6890000104904175,9.692000389099121
-0.4020000100135803,0.6890000104904175,9.67199993133545
-0.4020000100135803,0.6700000166893005,9.711000442504883
-0.382999986410141,0.6890000104904175,9.711000442504883
-0.4020000100135803,0.6510000228881836,9.652999877929688
-0.382999986410141,0.7269999980926514,9.767999649047852
-0.382999986410141,0.7269999980926514,9.711000442504883
-0.42100000381469727,0.6510000228881836,9.692000389099121
-0.4779999852180481,0.6890000104904175,9.74899959564209
-0.4020000100135803,0.7080000042915344,9.729999542236328
-0.4020000100135803,0.7080000042915344,9.692000389099121
-0.4399999976158142,0.7080000042915344,9.614999771118164
-0.4020000100135803,0.6510000228881836,9.711000442504883
-0.3630000054836273,0.6700000166893005,9.711000442504883
-0.4020000100135803,0.7269999980926514,9.692000389099121
-0.42100000381469727,0.6700000166893005,9.57699966430664
-0.4020000100135803,0.7080000042915344,9.614999771118164
-0.382999986410141,0.7269999980926514,9.692000389099121
-0.382999986410141,0.6700000166893005,9.729999542236328
-0.382999986410141,0.7080000042915344,9.595999717712402
-0.382999986410141,0.6320000290870667,9.711000442504883
-0.4020000100135803,0.6700000166893005,9.57699966430664
-0.4399999976158142,0.7269999980926514,9.633999824523926
-0.4020000100135803,0.7080000042915344,9.67199993133545
-0.4020000100135803,0.6700000166893005,9.692000389099121
-0.4399999976158142,0.7080000042915344,9.711000442504883
-0.4399999976158142,0.7080000042915344,9.711000442504883
-0.42100000381469727,0.6510000228881836,9.652999877929688
-0.42100000381469727,0.6510000228881836,9.633999824523926
-0.382999986410141,0.6890000104904175,9.711000442504883
-0.3630000054836273,0.7269999980926514,9.614999771118164
-0.42100000381469727,0.6890000104904175,9.74899959564209
-0.4020000100135803,0.6890000104904175,9.633999824523926
-0.3440000116825104,0.765999972820282,9.57699966430664
-0.32499998807907104,0.7269999980926514,9.595999717712402
-0.382999986410141,0.6700000166893005,9.614999771118164
-0.4020000100135803,0.6890000104904175,9.692000389099121
-0.4020000100135803,0.6700000166893005,9.711000442504883
-0.3440000116825104,0.6700000166893005,9.595999717712402
-0.3630000054836273,0.7080000042915344,9.347000122070312
-0.2680000066757202,0.6510000228881836,9.5
-0.3059999942779541,0.6890000104904175,9.67199993133545
-0.382999986410141,0.6510000228881836,9.614999771118164
-0.42100000381469727,0.6700000166893005,9.729999542236328
-0.4020000100135803,0.6510000228881836,9.614999771118164
-0.3059999942779541,0.6119999885559082,9.633999824523926
-0.3059999942779541,0.5929999947547913,9.595999717712402
-0.3440000116825104,0.6700000166893005,9.711000442504883
-0.382999986410141,0.7080000042915344,9.711000442504883
-0.382999986410141,0.6320000290870667,9.652999877929688
-0.382999986410141,0.6700000166893005,9.614999771118164
-0.4020000100135803,0.6700000166893005,9.614999771118164
-0.382999986410141,0.6510000228881836,9.67199993133545
-0.3630000054836273,0.6510000228881836,9.67199993133545
-0.382999986410141,0.6510000228881836,9.711000442504883
-0.4020000100135803,0.6890000104904175,9.74899959564209
-0.4020000100135803,0.6510000228881836,9.711000442504883
-0.382999986410141,0.6700000166893005,9.692000389099121
-0.4020000100135803,0.6700000166893005,9.595999717712402
-0.382999986410141,0.6890000104904175,9.67199993133545
-0.382999986410141,0.6700000166893005,9.67199993133545
-0.4020000100135803,0.7269999980926514,9.711000442504883
-0.4020000100135803,0.6700000166893005,9.711000442504883
-0.4020000100135803,0.7080000042915344,9.633999824523926
-0.382999986410141,0.6510000228881836,9.86400032043457
-0.382999986410141,0.6700000166893005,9.614999771118164
-0.382999986410141,0.7080000042915344,9.711000442504883
-0.3630000054836273,0.7080000042915344,9.652999877929688
-0.3630000054836273,0.6510000228881836,9.711000442504883
-0.382999986410141,0.6890000104904175,9.711000442504883
-0.4020000100135803,0.6890000104904175,9.57699966430664
-0.382999986410141,0.6890000104904175,9.595999717712402
-0.3630000054836273,0.6890000104904175,9.614999771118164
-0.45899999141693115,0.746999979019165,8.791000366210938
-0.03799999877810478,0.6510000228881836,9.595999717712402
-1.0720000267028809,-0.9570000171661377,9.001999855041504
-0.28700000047683716,1.1679999828338623,9.86400032043457
-3.5429999828338623,0.1720000058412552,11.376999855041504
0.746999979019165,2.739000082015991,4.328000068664551
-0.765999972820282,0.9190000295639038,7.834000110626221
-1.3209999799728394,1.2640000581741333,10.611000061035156
-1.1100000143051147,0.8420000076293945,8.197999954223633
-2.431999921798706,0.9190000295639038,10.592000007629395
-1.4550000429153442,0.5360000133514404,10.706999778747559
-1.090999960899353,0.7850000262260437,9.633999824523926
-1.9529999494552612,0.6119999885559082,8.906000137329102
-1.6469999551773071,-0.01899999938905239,9.194000244140625
-0.3630000054836273,0.746999979019165,8.696000099182129
-1.187000036239624,0.382999986410141,10.151000022888184
-0.3630000054836273,0.5740000009536743,9.5
-0.6890000104904175,0.8999999761581421,9.595999717712402
-0.5360000133514404,0.20999999344348907,9.711000442504883
-0.42100000381469727,0.6320000290870667,9.652999877929688
-0.4779999852180481,0.6700000166893005,9.711000442504883
-0.4399999976158142,0.6320000290870667,9.711000442504883
-0.4399999976158142,0.6510000228881836,9.692000389099121
-0.45899999141693115,0.6510000228881836,9.557000160217285
-0.4399999976158142,0.6320000290870667,9.595999717712402
-0.4399999976158142,0.6119999885559082,9.67199993133545
-0.49799999594688416,0.6700000166893005,9.767999649047852
-0.4399999976158142,0.6119999885559082,9.786999702453613
-0.4399999976158142,0.6320000290870667,9.692000389099121
-0.45899999141693115,0.6510000228881836,9.557000160217285
-0.42100000381469727,0.6320000290870667,9.711000442504883
-0.42100000381469727,0.6510000228881836,9.652999877929688
-0.3630000054836273,0.5929999947547913,9.404000282287598
-0.42100000381469727,0.6890000104904175,9.729999542236328
-0.4779999852180481,0.7269999980926514,9.67199993133545
-0.5170000195503235,0.6700000166893005,9.807000160217285
-0.49799999594688416,0.6510000228881836,9.711000442504883
-0.45899999141693115,0.6320000290870667,9.652999877929688
-0.45899999141693115,0.6700000166893005,9.614999771118164
-0.4399999976158142,0.6890000104904175,9.67199993133545
-0.4779999852180481,0.6320000290870667,9.729999542236328
-0.45899999141693115,0.6320000290870667,9.767999649047852
-0.45899999141693115,0.6700000166893005,9.692000389099121
-0.45899999141693115,0.6700000166893005,9.614999771118164
-0.45899999141693115,0.6320000290870667,9.692000389099121
-0.4779999852180481,0.6890000104904175,9.633999824523926
-0.4399999976158142,0.6510000228881836,9.595999717712402
-0.4399999976158142,0.6510000228881836,9.729999542236328
-0.4779999852180481,0.7080000042915344,9.711000442504883
-0.4020000100135803,0.6510000228881836,9.67199993133545
-0.3630000054836273,0.6320000290870667,9.385000228881836
-0.42100000381469727,0.6510000228881836,9.692000389099121
-0.45899999141693115,0.6890000104904175,9.595999717712402
-0.49799999594688416,0.6510000228881836,9.557000160217285
-0.5360000133514404,0.6119999885559082,9.692000389099121
-0.5170000195503235,0.6510000228881836,9.633999824523926
-0.49799999594688416,0.6510000228881836,9.652999877929688
-0.4779999852180481,0.6510000228881836,9.633999824523926
-0.4779999852180481,0.6510000228881836,9.692000389099121
-0.49799999594688416,0.6510000228881836,9.67199993133545
-0.4779999852180481,0.6890000104904175,9.652999877929688
-0.45899999141693115,0.6510000228881836,9.729999542236328
-0.45899999141693115,0.6510000228881836,9.652999877929688
-0.42100000381469727,0.6320000290870667,9.633999824523926
-0.45899999141693115,0.6700000166893005,9.652999877929688
-0.5170000195503235,0.6510000228881836,9.67199993133545
-0.4779999852180481,0.6700000166893005,9.692000389099121
-0.49799999594688416,0.7080000042915344,9.692000389099121
-0.45899999141693115,0.6510000228881836,9.692000389099121
-0.4779999852180481,0.6890000104904175,9.57699966430664
-0.45899999141693115,0.6700000166893005,9.692000389099121
-0.4779999852180481,0.6700000166893005,9.711000442504883
-0.4399999976158142,0.6510000228881836,9.711000442504883
-0.45899999141693115,0.6510000228881836,9.711000442504883
-0.4399999976158142,0.6700000166893005,9.729999542236328
-0.4399999976158142,0.6510000228881836,9.652999877929688
-0.4779999852180481,0.6700000166893005,9.633999824523926
-0.45899999141693115,0.6510000228881836,9.67199993133545
-0.4779999852180481,0.6700000166893005,9.692000389099121
-0.5360000133514404,0.6890000104904175,9.711000442504883
-0.5360000133514404,0.6119999885559082,9.74899959564209
-0.5170000195503235,0.6510000228881836,9.786999702453613
-0.5170000195503235,0.6700000166893005,9.5
-0.49799999594688416,0.6320000290870667,9.652999877929688
-0.5170000195503235,0.7080000042915344,9.74899959564209
-0.49799999594688416,0.6890000104904175,9.692000389099121
-0.5360000133514404,0.6510000228881836,9.652999877929688
-0.5170000195503235,0.6510000228881836,9.595999717712402
-0.4779999852180481,0.7080000042915344,9.633999824523926
-0.4779999852180481,0.6700000166893005,9.960000038146973
-0.4779999852180481,0.6890000104904175,9.692000389099121
-0.4779999852180481,0.6510000228881836,9.767999649047852
-0.5170000195503235,0.6700000166893005,9.57699966430664
-0.49799999594688416,0.6700000166893005,9.67199993133545
-0.5170000195503235,0.5929999947547913,9.67199993133545
-0.45899999141693115,0.6510000228881836,9.67199993133545
-0.45899999141693115,0.7080000042915344,9.595999717712402
-0.4779999852180481,0.6700000166893005,9.67199993133545
-0.45899999141693115,0.6119999885559082,9.633999824523926
-0.45899999141693115,0.6510000228881836,9.614999771118164
-0.45899999141693115,0.6700000166893005,9.652999877929688
-0.45899999141693115,0.6510000228881836,9.67199993133545
-0.49799999594688416,0.6700000166893005,9.767999649047852
-0.45899999141693115,0.6890000104904175,9.557000160217285
-0.4779999852180481,0.6510000228881836,9.614999771118164
-0.49799999594688416,0.6510000228881836,9.67199993133545
-0.4399999976158142,0.6700000166893005,9.67199993133545
-0.45899999141693115,0.6700000166893005,9.633999824523926
-0.4779999852180481,0.6700000166893005,9.595999717712402
-0.4399999976158142,0.6119999885559082,9.883000373840332
-0.4399999976158142,0.6700000166893005,9.614999771118164
-0.49799999594688416,0.6510000228881836,9.729999542236328
-0.49799999594688416,0.6700000166893005,9.74899959564209
-0.49799999594688416,0.6510000228881836,9.633999824523926
-0.4779999852180481,0.6700000166893005,9.633999824523926
-0.4779999852180481,0.6510000228881836,9.692000389099121
-0.49799999594688416,0.6890000104904175,9.67199993133545
-0.49799999594688416,0.6700000166893005,9.729999542236328
-0.49799999594688416,0.6890000104904175,9.538000106811523
-0.4779999852180481,0.6510000228881836,9.652999877929688
-0.45899999141693115,0.6510000228881836,9.711000442504883
-0.4779999852180481,0.6700000166893005,9.711000442504883
-0.45899999141693115,0.6320000290870667,9.711000442504883
-0.45899999141693115,0.6700000166893005,9.729999542236328
-0.45899999141693115,0.6320000290870667,9.57699966430664
-0.45899999141693115,0.6510000228881836,9.692000389099121
-0.45899999141693115,0.6510000228881836,9.692000389099121
-0.45899999141693115,0.6510000228881836,9.67199993133545
-0.45899999141693115,0.6510000228881836,9.711000442504883
-0.4779999852180481,0.6890000104904175,9.711000442504883
-0.4779999852180481,0.6890000104904175,9.404000282287598
-0.4399999976158142,0.6700000166893005,9.633999824523926
-0.4399999976158142,0.6890000104904175,9.692000389099121
-0.4399999976158142,0.6700000166893005,9.595999717712402
-0.4779999852180481,0.6320000290870667,9.826000213623047
-0.45899999141693115,0.6890000104904175,9.692000389099121
-0.42100000381469727,0.6320000290870667,9.767999649047852
-0.45899999141693115,0.6890000104904175,9.652999877929688
-0.4779999852180481,0.6890000104904175,9.67199993133545
-0.49799999594688416,0.6700000166893005,9.711000442504883
-0.4779999852180481,0.6890000104904175,9.711000442504883
-0.42100000381469727,0.6700000166893005,10.1899995803833
-0.4399999976158142,0.7080000042915344,9.711000442504883
-0.4779999852180481,0.6510000228881836,9.652999877929688
-0.4779999852180481,0.6320000290870667,9.67199993133545
-0.49799999594688416,0.6890000104904175,9.692000389099121
-0.45899999141693115,0.6320000290870667,9.729999542236328
-0.4399999976158142,0.6510000228881836,9.692000389099121
-0.4399999976158142,0.6700000166893005,9.557000160217285
-0.4779999852180481,0.6320000290870667,9.692000389099121
-0.45899999141693115,0.6700000166893005,9.67199993133545
-0.4399999976158142,0.6510000228881836,9.692000389099121
-0.45899999141693115,0.6700000166893005,9.692000389099121
-0.4399999976158142,0.6510000228881836,9.614999771118164
-0.4399999976158142,0.6700000166893005,9.652999877929688
-0.4779999852180481,0.6890000104904175,9.692000389099121
-0.45899999141693115,0.6320000290870667,9.692000389099121
-0.4779999852180481,0.6510000228881836,9.711000442504883
-0.4779999852180481,0.6510000228881836,9.652999877929688
-0.4779999852180481,0.7080000042915344,9.557000160217285
-0.4779999852180481,0.6700000166893005,9.692000389099121
-0.45899999141693115,0.6890000104904175,9.652999877929688
-0.4399999976158142,0.6700000166893005,9.711000442504883
-0.4779999852180481,0.6700000166893005,9.595999717712402
-0.4779999852180481,0.6510000228881836,9.595999717712402
-0.4779999852180481,0.6510000228881836,9.692000389099121
-0.4399999976158142,0.6700000166893005,9.729999542236328
-0.4399999976158142,0.6320000290870667,9.74899959564209
-0.4779999852180481,0.6890000104904175,9.633999824523926
-0.49799999594688416,0.6700000166893005,9.614999771118164
-0.45899999141693115,0.6510000228881836,9.692000389099121
-0.4779999852180481,0.6890000104904175,9.711000442504883
-0.49799999594688416,0.6700000166893005,9.692000389099121
-0.45899999141693115,0.6700000166893005,9.711000442504883
-0.4779999852180481,0.6119999885559082,9.633999824523926
-0.5170000195503235,0.6890000104904175,9.614999771118164
-0.5170000195503235,0.6700000166893005,9.711000442504883
-0.49799999594688416,0.6320000290870667,9.786999702453613
-0.4399999976158142,0.6700000166893005,9.711000442504883
-0.4399999976158142,0.6510000228881836,9.711000442504883
-0.49799999594688416,0.5740000009536743,9.74899959564209
-0.5550000071525574,0.6320000290870667,9.729999542236328
-0.4779999852180481,0.6890000104904175,9.692000389099121
-0.4399999976158142,0.6320000290870667,9.692000389099121
-0.4399999976158142,0.7080000042915344,9.652999877929688
-0.42100000381469727,0.6700000166893005,9.595999717712402
-0.42100000381469727,0.6700000166893005,9.711000442504883
-0.45899999141693115,0.7080000042915344,9.67199993133545
-0.49799999594688416,0.6510000228881836,9.67199993133545
-0.4779999852180481,0.6320000290870667,9.67199993133545
-0.4779999852180481,0.6320000290870667,9.614999771118164
-0.4779999852180481,0.6700000166893005,9.595999717712402
-0.4399999976158142,0.6510000228881836,9.692000389099121
-0.45899999141693115,0.6890000104904175,9.692000389099121
-0.42100000381469727,0.7080000042915344,9.67199993133545
-0.32499998807907104,0.6890000104904175,9.786999702453613
-0.32499998807907104,0.6119999885559082,9.595999717712402
-0.382999986410141,0.6320000290870667,9.519000053405762
-0.4020000100135803,0.6320000290870667,9.711000442504883
-0.4779999852180481,0.6890000104904175,9.74899959564209
-0.4779999852180481,0.6700000166893005,9.826000213623047
-0.42100000381469727,0.6510000228881836,9.480999946594238
-0.42100000381469727,0.6510000228881836,9.74899959564209
-0.45899999141693115,0.6700000166893005,9.67199993133545
-0.49799999594688416,0.746999979019165,9.845000267028809
-0.49799999594688416,0.6890000104904175,9.786999702453613
-0.42100000381469727,0.5929999947547913,9.786999702453613
-0.42100000381469727,0.6320000290870667,9.57699966430664
-0.45899999141693115,0.6890000104904175,9.633999824523926
-0.4779999852180481,0.7080000042915344,9.711000442504883
-0.49799999594688416,0.6510000228881836,9.845000267028809
-0.4399999976158142,0.6700000166893005,9.67199993133545
-0.4779999852180481,0.6510000228881836,9.711000442504883
-0.45899999141693115,0.6510000228881836,9.652999877929688
-0.45899999141693115,0.6700000166893005,9.67199993133545
-0.4779999852180481,0.6700000166893005,9.652999877929688
-0.4399999976158142,0.6510000228881836,9.711000442504883
-0.42100000381469727,0.6119999885559082,9.692000389099121
-0.45899999141693115,0.6700000166893005,9.633999824523926
-0.45899999141693115,0.6890000104904175,9.652999877929688
-0.45899999141693115,0.6700000166893005,9.633999824523926
-0.4399999976158142,0.6320000290870667,9.711000442504883
-0.45899999141693115,0.6890000104904175,9.692000389099121
-0.45899999141693115,0.6510000228881836,9.729999542236328
-0.45899999141693115,0.6320000290870667,9.692000389099121
-0.49799999594688416,0.6890000104904175,9.633999824523926
-0.45899999141693115,0.6890000104904175,9.652999877929688
-0.45899999141693115,0.6700000166893005,9.711000442504883
-0.45899999141693115,0.6700000166893005,9.74899959564209
-0.4779999852180481,0.6320000290870667,9.67199993133545
-0.49799999594688416,0.6320000290870667,9.807000160217285
-0.45899999141693115,0.6700000166893005,9.614999771118164
-0.45899999141693115,0.6700000166893005,9.67199993133545
-0.45899999141693115,0.6700000166893005,9.652999877929688
-0.4779999852180481,0.6890000104904175,9.711000442504883
-0.49799999594688416,0.6510000228881836,9.67199993133545
-0.45899999141693115,0.6320000290870667,9.633999824523926
-0.45899999141693115,0.6890000104904175,9.633999824523926
-0.49799999594688416,0.6320000290870667,9.807000160217285
-0.4399999976158142,0.6700000166893005,9.692000389099121
-0.45899999141693115,0.6700000166893005,9.67199993133545
-0.4399999976158142,0.6700000166893005,9.67199993133545
-0.4779999852180481,0.6320000290870667,9.67199993133545
-0.49799999594688416,0.5929999947547913,9.940999984741211
-0.4399999976158142,0.6510000228881836,9.711000442504883
-0.4399999976158142,0.6320000290870667,9.633999824523926
-0.4779999852180481,0.6510000228881836,9.692000389099121
-0.45899999141693115,0.6510000228881836,9.729999542236328
-0.4779999852180481,0.6890000104904175,9.729999542236328
-0.4399999976158142,0.6700000166893005,9.557000160217285
-0.4779999852180481,0.6320000290870667,9.74899959564209
-0.49799999594688416,0.6890000104904175,9.652999877929688
-0.4779999852180481,0.6890000104904175,9.538000106811523
-0.45899999141693115,0.6510000228881836,9.711000442504883
-0.49799999594688416,0.6320000290870667,9.711000442504883
-0.4779999852180481,0.6320000290870667,9.67199993133545
-0.45899999141693115,0.6890000104904175,9.729999542236328
-0.4779999852180481,0.6320000290870667,9.595999717712402
-0.42100000381469727,0.6890000104904175,9.595999717712402
-0.45899999141693115,0.6890000104904175,9.711000442504883
-0.45899999141693115,0.7080000042915344,9.767999649047852
-0.42100000381469727,0.6700000166893005,9.652999877929688
-0.42100000381469727,0.6320000290870667,9.711000442504883
-0.4399999976158142,0.6700000166893005,9.614999771118164
-0.4779999852180481,0.6510000228881836,9.729999542236328
-0.4399999976158142,0.6890000104904175,9.652999877929688
-0.49799999594688416,0.6700000166893005,9.729999542236328
-0.4779999852180481,0.6890000104904175,9.5
-0.4779999852180481,0.6320000290870667,9.595999717712402
-0.5170000195503235,0.6320000290870667,9.711000442504883
-0.4779999852180481,0.6320000290870667,9.652999877929688
-0.45899999141693115,0.6700000166893005,9.67199993133545
-0.4779999852180481,0.6700000166893005,9.67199993133545
-0.45899999141693115,0.6510000228881836,9.729999542236328
-0.45899999141693115,0.6890000104904175,9.692000389099121
-0.49799999594688416,0.6510000228881836,9.57699966430664
-0.4779999852180481,0.6320000290870667,9.652999877929688
-0.45899999141693115,0.6320000290870667,9.692000389099121
-0.4779999852180481,0.6890000104904175,9.67199993133545
-0.45899999141693115,0.6510000228881836,9.767999649047852
-0.45899999141693115,0.6700000166893005,9.595999717712402
-0.42100000381469727,0.6320000290870667,9.652999877929688
-0.45899999141693115,0.6320000290870667,9.711000442504883
-0.49799999594688416,0.6510000228881836,9.692000389099121
-0.45899999141693115,0.6510000228881836,9.692000389099121
-0.42100000381469727,0.6700000166893005,9.692000389099121
-0.4020000100135803,0.6320000290870667,9.614999771118164
-0.42100000381469727,0.6510000228881836,9.633999824523926
-0.45899999141693115,0.6700000166893005,9.692000389099121
-0.4399999976158142,0.6510000228881836,9.692000389099121
-0.4020000100135803,1.090999960899353,9.845000267028809
0.1340000033378601,0.8809999823570251,9.652999877929688
-0.8610000014305115,0.6890000104904175,9.826000213623047
-0.6890000104904175,0.42100000381469727,9.826000213623047
-1.7430000305175781,-0.4020000100135803,9.729999542236328
-0.28700000047683716,-0.07599999755620956,9.960000038146973
0.03799999877810478,0.2680000066757202,9.42300033569336
-0.8040000200271606,0.4779999852180481,9.711000442504883
-1.090999960899353,0.32499998807907104,9.711000442504883
-0.1340000033378601,0.7269999980926514,9.442999839782715
-0.24899999797344208,0.8999999761581421,9.826000213623047
-0.382999986410141,0.3630000054836273,9.711000442504883
-0.6890000104904175,0.05700000002980232,9.595999717712402
-0.5170000195503235,0.4020000100135803,9.692000389099121
-0.4779999852180481,0.4399999976158142,9.652999877929688
-0.4779999852180481,0.4020000100135803,9.74899959564209
-0.49799999594688416,0.4020000100135803,9.652999877929688
-0.4779999852180481,0.4399999976158142,9.614999771118164
-0.4779999852180481,0.42100000381469727,9.67199993133545
-0.4779999852180481,0.4399999976158142,9.692000389099121
-0.49799999594688416,0.4399999976158142,9.729999542236328
-0.4779999852180481,0.4399999976158142,9.711000442504883
-0.4779999852180481,0.42100000381469727,9.633999824523926
-0.49799999594688416,0.4020000100135803,9.807000160217285
-0.5170000195503235,0.4020000100135803,9.67199993133545
-0.5550000071525574,0.4399999976158142,9.74899959564209
-0.4779999852180481,0.4399999976158142,9.692000389099121
-0.5170000195503235,0.4399999976158142,9.67199993133545
-0.49799999594688416,0.42100000381469727,9.729999542236328
-0.5170000195503235,0.42100000381469727,9.480999946594238
-0.4779999852180481,0.382999986410141,9.692000389099121
-0.4779999852180481,0.382999986410141,9.692000389099121
-0.49799999594688416,0.4020000100135803,9.729999542236328
-0.5170000195503235,0.4399999976158142,9.67199993133545
-0.4779999852180481,0.45899999141693115,9.57699966430664
-0.5170000195503235,0.42100000381469727,9.57699966430664
-0.4779999852180481,0.45899999141693115,9.67199993133545
-0.49799999594688416,0.4020000100135803,9.692000389099121
-0.45899999141693115,0.4399999976158142,9.711000442504883
0.3440000116825104,1.034000039100647,9.692000389099121
-0.3440000116825104,-0.15299999713897705,9.86400032043457
-1.5700000524520874,0.03799999877810478,9.767999649047852
-0.07599999755620956,0.7269999980926514,9.86400032043457
0.19099999964237213,0.6890000104904175,9.633999824523926
-0.01899999938905239,0.11400000005960464,9.652999877929688
-0.03799999877810478,1.2829999923706055,9.960000038146973
-1.2829999923706055,-0.1720000058412552,10.055999755859375
-0.4399999976158142,0.2290000021457672,9.595999717712402
1.972000002861023,1.6080000400543213,9.020999908447266
-0.5929999947547913,0.3440000116825104,8.848999977111816
-0.19099999964237213,0.4020000100135803,9.519000053405762
0.7269999980926514,0.9959999918937683,9.807000160217285
-1.3020000457763672,-0.32499998807907104,9.385000228881836
2.700000047683716,1.49399995803833,21.08799934387207
0.9959999918937683,0.8420000076293945,10.744999885559082
-0.4020000100135803,0.3440000116825104,9.711000442504883
-0.3059999942779541,0.3630000054836273,10.47700023651123
-0.7080000042915344,0.0949999988079071,9.57699966430664
-3.9839999675750732,-2.316999912261963,5.63100004196167
-0.0949999988079071,0.5360000133514404,9.194000244140625
0.3059999942779541,0.8420000076293945,9.42300033569336
0.4020000100135803,0.4779999852180481,9.480999946594238
-0.03799999877810478,0.4020000100135803,9.786999702453613
-0.5360000133514404,0.19099999964237213,10.017000198364258
0.746999979019165,0.5360000133514404,8.10200023651123
-0.45899999141693115,0.4399999976158142,9.633999824523926
-0.4020000100135803,0.1720000058412552,9.366000175476074
-0.32499998807907104,0.2680000066757202,9.097999572753906
-0.20999999344348907,0.28700000047683716,9.442999839782715
-0.6119999885559082,-0.03799999877810478,9.86400032043457
-0.1340000033378601,0.4020000100135803,9.442999839782715
-0.3630000054836273,0.2290000021457672,9.614999771118164
-0.24899999797344208,0.3440000116825104,9.595999717712402
-0.1720000058412552,0.382999986410141,9.57699966430664
-0.49799999594688416,0.1720000058412552,9.67199993133545
-0.15299999713897705,0.3059999942779541,9.826000213623047
-0.2680000066757202,0.3059999942779541,9.519000053405762
-0.3059999942779541,0.3630000054836273,9.57699966430664
-0.28700000047683716,0.24899999797344208,9.57699966430664
-0.382999986410141,0.2290000021457672,9.633999824523926
0.3630000054836273,0.7269999980926514,9.826000213623047
-0.20999999344348907,0.3440000116825104,9.614999771118164
-0.20999999344348907,0.32499998807907104,9.67199993133545
-0.2290000021457672,0.3059999942779541,9.74899959564209
-0.28700000047683716,0.32499998807907104,9.67199993133545
-0.28700000047683716,0.3059999942779541,9.614999771118164
-0.01899999938905239,0.4399999976158142,9.711000442504883
-0.19099999964237213,0.32499998807907104,9.960000038146973
0.0949999988079071,0.49799999594688416,9.692000389099121
-0.07599999755620956,0.28700000047683716,9.86400032043457
-0.45899999141693115,0.6320000290870667,9.845000267028809
0.05700000002980232,-0.07599999755620956,10.265999794006348
-0.15299999713897705,0.2680000066757202,9.920999526977539
-0.3630000054836273,0.6320000290870667,9.595999717712402
0.03799999877810478,0.3059999942779541,9.42300033569336
-0.4399999976158142,0.11400000005960464,9.845000267028809
-0.3630000054836273,0.2680000066757202,9.538000106811523
0.11400000005960464,0.5170000195503235,9.74899959564209
-0.1340000033378601,0.3630000054836273,9.711000442504883
-0.6700000166893005,-0.01899999938905239,9.998000144958496
-0.382999986410141,0.20999999344348907,9.767999649047852
-0.2680000066757202,0.24899999797344208,9.767999649047852
-0.11400000005960464,0.3630000054836273,9.902000427246094
0.07599999755620956,0.32499998807907104,11.128000259399414
-0.49799999594688416,0.1340000033378601,9.767999649047852
-0.2680000066757202,0.3059999942779541,9.595999717712402
-0.2290000021457672,0.3440000116825104,9.67199993133545
-0.07599999755620956,0.5170000195503235,9.845000267028809
0.6700000166893005,-0.19099999964237213,9.633999824523926
-0.6320000290870667,-0.03799999877810478,9.614999771118164
-0.32499998807907104,0.3059999942779541,9.74899959564209
-0.4020000100135803,0.4399999976158142,9.633999824523926
0.3630000054836273,0.5170000195503235,9.442999839782715
-0.11400000005960464,0.3440000116825104,9.729999542236328
-0.49799999594688416,0.32499998807907104,9.711000442504883
-0.15299999713897705,0.0949999988079071,9.920999526977539
0,0.4399999976158142,9.57699966430664
-0.3630000054836273,0.28700000047683716,9.652999877929688
-0.24899999797344208,0.3440000116825104,9.767999649047852
-0.24899999797344208,0.28700000047683716,9.786999702453613
-0.28700000047683716,0.28700000047683716,9.711000442504883
-0.28700000047683716,0.24899999797344208,9.633999824523926
-0.24899999797344208,0.3630000054836273,9.692000389099121
-0.2680000066757202,0.32499998807907104,9.67199993133545
-0.28700000047683716,0.32499998807907104,9.786999702453613
-0.24899999797344208,0.28700000047683716,9.519000053405762
-0.28700000047683716,0.24899999797344208,9.595999717712402
-0.19099999964237213,0.382999986410141,9.595999717712402
-0.15299999713897705,0.24899999797344208,9.652999877929688
-0.15299999713897705,0.3059999942779541,9.729999542236328
-0.15299999713897705,0.3630000054836273,9.711000442504883
-0.1340000033378601,0.4399999976158142,9.692000389099121
-0.28700000047683716,0.2290000021457672,9.366000175476074
-0.3440000116825104,0.3059999942779541,9.692000389099121
-0.0949999988079071,0.3059999942779541,9.67199993133545
-0.28700000047683716,0.20999999344348907,9.74899959564209
-0.20999999344348907,0.2680000066757202,9.845000267028809
-0.3630000054836273,0.20999999344348907,9.595999717712402
-0.1720000058412552,0.3630000054836273,9.652999877929688
-0.2680000066757202,0.28700000047683716,9.711000442504883
-0.28700000047683716,0.24899999797344208,9.74899959564209
-0.20999999344348907,0.3059999942779541,9.711000442504883
-0.32499998807907104,0.24899999797344208,9.633999824523926
-0.15299999713897705,0.3440000116825104,9.633999824523926
-0.32499998807907104,0.2290000021457672,9.692000389099121
-0.28700000047683716,0.28700000047683716,9.652999877929688
-0.28700000047683716,0.24899999797344208,9.74899959564209
-0.3059999942779541,0.3059999942779541,9.020999908447266
-0.28700000047683716,0.3059999942779541,9.480999946594238
-0.28700000047683716,0.2680000066757202,9.67199993133545
-0.2680000066757202,0.28700000047683716,9.614999771118164
-0.28700000047683716,0.28700000047683716,9.711000442504883
-0.2680000066757202,0.2680000066757202,9.729999542236328
-0.2680000066757202,0.2680000066757202,9.633999824523926
-0.3630000054836273,0.2290000021457672,9.57699966430664
-0.24899999797344208,0.19099999964237213,9.519000053405762
-0.28700000047683716,0.32499998807907104,9.57699966430664
-0.2290000021457672,0.24899999797344208,9.729999542236328
-0.1720000058412552,0.3440000116825104,9.67199993133545
-0.24899999797344208,0.32499998807907104,9.692000389099121
-0.11400000005960464,0.19099999964237213,9.059000015258789
-0.24899999797344208,0.3059999942779541,9.538000106811523
-0.2290000021457672,0.28700000047683716,9.652999877929688
-0.1720000058412552,0.1720000058412552,9.767999649047852
-0.24899999797344208,0.28700000047683716,9.711000442504883
-0.28700000047683716,0.28700000047683716,9.74899959564209
-0.24899999797344208,0.2290000021457672,9.461999893188477
-0.3059999942779541,0.24899999797344208,9.614999771118164
-0.24899999797344208,0.2290000021457672,9.74899959564209
-0.28700000047683716,0.2290000021457672,9.807000160217285
-0.24899999797344208,0.3059999942779541,9.711000442504883
-0.1340000033378601,0.3059999942779541,9.480999946594238
-0.4399999976158142,0.1340000033378601,9.67199993133545
-0.28700000047683716,0.2290000021457672,9.633999824523926
-0.2680000066757202,0.28700000047683716,9.767999649047852
-0.24899999797344208,0.20999999344348907,9.767999649047852
-0.2680000066757202,0.20999999344348907,9.67199993133545
-0.1340000033378601,0.28700000047683716,9.67199993133545
-0.32499998807907104,0.15299999713897705,9.57699966430664
-0.2290000021457672,0.28700000047683716,9.692000389099121
-0.15299999713897705,0.2290000021457672,9.692000389099121
-0.32499998807907104,0.42100000381469727,9.940999984741211
-0.2680000066757202,0.28700000047683716,9.692000389099121
-0.2680000066757202,0.28700000047683716,9.729999542236328
-0.3059999942779541,0.28700000047683716,9.538000106811523
-0.19099999964237213,0.3440000116825104,9.692000389099121
-0.3059999942779541,0.24899999797344208,9.67199993133545
-0.28700000047683716,0.3059999942779541,9.5
-0.20999999344348907,0.19099999964237213,9.692000389099121
-0.3630000054836273,0.3059999942779541,9.595999717712402
-0.19099999964237213,0.2290000021457672,9.614999771118164
-0.3440000116825104,0.20999999344348907,9.57699966430664
-0.1720000058412552,0.4020000100135803,9.74899959564209
-0.11400000005960464,0.3059999942779541,9.845000267028809
-0.45899999141693115,0.11400000005960464,9.595999717712402
-0.3440000116825104,0.19099999964237213,9.86400032043457
-0.1720000058412552,0.28700000047683716,9.711000442504883
-0.2680000066757202,0.20999999344348907,9.652999877929688
-0.3630000054836273,0.32499998807907104,9.940999984741211
-0.1340000033378601,0.3440000116825104,9.711000442504883
-0.28700000047683716,0.28700000047683716,9.633999824523926
-0.3059999942779541,0.15299999713897705,9.57699966430664
-0.24899999797344208,0.2290000021457672,9.652999877929688
0.2680000066757202,0.49799999594688416,9.883000373840332
-0.5550000071525574,-0.01899999938905239,9.729999542236328
-0.19099999964237213,0.2290000021457672,9.786999702453613
-0.1720000058412552,0.2680000066757202,9.711000442504883
-0.01899999938905239,0.45899999141693115,9.767999649047852
-0.6510000228881836,-0.5550000071525574,9.998000144958496
0.1340000033378601,0.1720000058412552,10.418999671936035
-0.19099999964237213,-0.05700000002980232,9.786999702453613
-0.1340000033378601,0.01899999938905239,9.767999649047852
-0.11400000005960464,-0.05700000002980232,9.57699966430664
-0.07599999755620956,-0.0949999988079071,9.711000442504883
-0.15299999713897705,-0.05700000002980232,9.633999824523926
-0.03799999877810478,0.01899999938905239,9.711000442504883
-0.1340000033378601,-0.07599999755620956,9.557000160217285
-0.11400000005960464,-0.11400000005960464,9.595999717712402
-0.15299999713897705,-0.1340000033378601,9.652999877929688
-0.03799999877810478,-0.1340000033378601,9.902000427246094
-0.5550000071525574,-0.42100000381469727,9.998000144958496
-0.4779999852180481,-0.45899999141693115,9.920999526977539
0.6320000290870667,0.5550000071525574,10.534000396728516
0.1720000058412552,0.45899999141693115,9.347000122070312
-0.19099999964237213,0.19099999964237213,9.595999717712402
-0.2290000021457672,0.1720000058412552,9.711000442504883
-0.2290000021457672,0.19099999964237213,9.652999877929688
-0.2680000066757202,0.15299999713897705,9.595999717712402
-0.19099999964237213,0.1720000058412552,9.652999877929688
-0.382999986410141,0.03799999877810478,8.791000366210938
-0.4020000100135803,0,9.711000442504883
0.01899999938905239,0.42100000381469727,9.902000427246094
-0.1720000058412552,0.24899999797344208,9.557000160217285
-0.24899999797344208,0.19099999964237213,9.633999824523926
-0.20999999344348907,0.20999999344348907,9.786999702453613
-0.24899999797344208,0.24899999797344208,9.385000228881836
-0.11400000005960464,0.3440000116825104,9.652999877929688
-0.3440000116825104,0.24899999797344208,9.461999893188477
-0.28700000047683716,0.2290000021457672,9.786999702453613
-0.28700000047683716,0.20999999344348907,9.74899959564209
-0.3059999942779541,0.1720000058412552,9.711000442504883
-0.2290000021457672,0.20999999344348907,9.67199993133545
-0.24899999797344208,0.19099999964237213,9.729999542236328
-0.28700000047683716,0.1340000033378601,9.74899959564209
-0.2680000066757202,0.2290000021457672,9.595999717712402
-0.2680000066757202,0.19099999964237213,9.67199993133545
-0.1340000033378601,0.382999986410141,9.692000389099121
-0.2290000021457672,0.2680000066757202,9.711000442504883
-0.20999999344348907,0.24899999797344208,9.729999542236328
-0.24899999797344208,0.2290000021457672,9.67199993133545
-0.3440000116825104,0.1340000033378601,9.42300033569336
-0.24899999797344208,0.24899999797344208,9.786999702453613
-0.11400000005960464,0.382999986410141,9.614999771118164
-0.32499998807907104,0.1340000033378601,9.67199993133545
-0.4399999976158142,0,9.67199993133545
-0.24899999797344208,0.20999999344348907,9.67199993133545
-0.24899999797344208,0.2680000066757202,9.711000442504883
-0.24899999797344208,0.2290000021457672,9.67199993133545
-0.382999986410141,0.07599999755620956,9.767999649047852
-0.05700000002980232,0.42100000381469727,9.67199993133545
-0.2680000066757202,0.2680000066757202,9.480999946594238
-0.3059999942779541,0.24899999797344208,9.519000053405762
-0.1340000033378601,0.3440000116825104,9.729999542236328
-0.15299999713897705,0.3440000116825104,9.692000389099121
-0.45899999141693115,0.05700000002980232,9.614999771118164
-0.01899999938905239,0.4399999976158142,9.692000389099121
-0.2290000021457672,0.15299999713897705,9.519000053405762
0,0.382999986410141,9.633999824523926
-0.28700000047683716,0.20999999344348907,9.807000160217285
-0.3630000054836273,0.19099999964237213,9.538000106811523
-0.32499998807907104,0.1720000058412552,9.729999542236328
-0.28700000047683716,0.2680000066757202,9.614999771118164
-0.2290000021457672,0.24899999797344208,9.633999824523926
-0.3059999942779541,0.19099999964237213,9.652999877929688
-0.2680000066757202,0.24899999797344208,9.74899959564209
-0.24899999797344208,0.24899999797344208,9.652999877929688
-0.2680000066757202,0.20999999344348907,9.538000106811523
-0.32499998807907104,0.1340000033378601,9.67199993133545
-0.3059999942779541,0.0949999988079071,9.729999542236328
-0.15299999713897705,0.3440000116825104,9.652999877929688
-0.3059999942779541,0.24899999797344208,9.67199993133545
-0.3059999942779541,0.24899999797344208,9.538000106811523
-0.3059999942779541,0.20999999344348907,9.729999542236328
-0.28700000047683716,0.28700000047683716,9.67199993133545
-0.3630000054836273,0.1340000033378601,9.652999877929688
-0.2290000021457672,0.42100000381469727,10.170000076293945
-0.3059999942779541,0.24899999797344208,9.57699966430664
-0.1340000033378601,0.4399999976158142,9.652999877929688
-0.3440000116825104,0.15299999713897705,9.729999542236328
-0.3440000116825104,0.15299999713897705,9.729999542236328
-0.3630000054836273,0.15299999713897705,9.711000442504883
-0.3440000116825104,0.1720000058412552,9.57699966430664
-0.2680000066757202,0.28700000047683716,9.652999877929688
-0.28700000047683716,0.2290000021457672,9.729999542236328
-0.3630000054836273,0.19099999964237213,9.74899959564209
-0.3630000054836273,0.2290000021457672,9.74899959564209
-0.28700000047683716,0.2680000066757202,9.67199993133545
-0.24899999797344208,0.2680000066757202,9.595999717712402
-0.28700000047683716,0.2290000021457672,9.633999824523926
-0.3059999942779541,0.2290000021457672,9.767999649047852
-0.11400000005960464,0.3630000054836273,9.442999839782715
-0.2680000066757202,0.28700000047683716,9.711000442504883
-0.3440000116825104,0.2680000066757202,9.595999717712402
-0.24899999797344208,0.32499998807907104,9.711000442504883
-0.32499998807907104,0.24899999797344208,9.711000442504883
0.03799999877810478,0.42100000381469727,9.692000389099121
-0.32499998807907104,0.2290000021457672,9.633999824523926
-0.3059999942779541,0.2680000066757202,9.519000053405762
-0.382999986410141,0.20999999344348907,9.633999824523926
-0.4399999976158142,0.20999999344348907,9.67199993133545
-0.3440000116825104,0.3059999942779541,9.711000442504883
-0.05700000002980232,0.382999986410141,9.692000389099121
-0.28700000047683716,0.3059999942779541,9.711000442504883
-0.19099999964237213,0.382999986410141,9.538000106811523
-0.20999999344348907,0.28700000047683716,9.538000106811523
-0.3059999942779541,0.24899999797344208,9.57699966430664
-0.7080000042915344,0.11400000005960464,9.404000282287598
-0.19099999964237213,0.3059999942779541,9.57699966430664
-0.3630000054836273,0.3440000116825104,9.692000389099121
-0.32499998807907104,0.3059999942779541,9.692000389099121
-0.32499998807907104,0.3059999942779541,9.633999824523926
-0.32499998807907104,0.3059999942779541,9.633999824523926
-0.32499998807907104,0.28700000047683716,9.711000442504883
-0.32499998807907104,0.28700000047683716,9.557000160217285
-0.3059999942779541,0.42100000381469727,8.675999641418457
-0.8040000200271606,-0.1340000033378601,9.883000373840332
0.4399999976158142,1.2640000581741333,9.347000122070312
-0.4779999852180481,0.3630000054836273,9.57699966430664
-0.6510000228881836,-0.07599999755620956,9.595999717712402
-0.6510000228881836,0.1340000033378601,9.883000373840332
-0.5550000071525574,0.15299999713897705,9.74899959564209
-0.28700000047683716,0.3440000116825104,9.652999877929688
-0.382999986410141,0.3059999942779541,9.633999824523926
-0.32499998807907104,0.3059999942779541,9.692000389099121
-0.28700000047683716,0.3440000116825104,9.67199993133545
-0.2290000021457672,0.4020000100135803,9.614999771118164
-0.3630000054836273,0.32499998807907104,9.614999771118164
-0.28700000047683716,0.3440000116825104,9.633999824523926
-0.4399999976158142,0.2680000066757202,9.711000442504883
-0.42100000381469727,0.28700000047683716,9.767999649047852
-0.3630000054836273,0.2680000066757202,9.74899959564209
-0.382999986410141,0.2680000066757202,9.67199993133545
-0.382999986410141,0.3440000116825104,9.807000160217285
-0.382999986410141,0.32499998807907104,9.692000389099121
-0.3630000054836273,0.32499998807907104,9.74899959564209
-0.3059999942779541,0.32499998807907104,9.67199993133545
-0.3630000054836273,0.32499998807907104,9.652999877929688
-0.382999986410141,0.382999986410141,9.614999771118164
-0.32499998807907104,0.3630000054836273,9.633999824523926
-0.32499998807907104,0.3630000054836273,9.767999649047852
-0.7080000042915344,0.11400000005960464,9.786999702453613
-0.382999986410141,0.28700000047683716,9.67199993133545
-0.32499998807907104,0.3059999942779541,9.595999717712402
-0.382999986410141,0.2680000066757202,9.442999839782715
-0.3059999942779541,0.2680000066757202,9.67199993133545
-0.2680000066757202,0.24899999797344208,9.366000175476074
-0.15299999713897705,0.3440000116825104,9.652999877929688
-0.3440000116825104,0.28700000047683716,9.711000442504883
-0.4020000100135803,0.32499998807907104,9.652999877929688
-0.32499998807907104,0.32499998807907104,9.692000389099121
-0.24899999797344208,0.382999986410141,9.692000389099121
-0.4020000100135803,0.3059999942779541,9.729999542236328
-0.3059999942779541,0.382999986410141,9.57699966430664
-0.28700000047683716,0.382999986410141,9.633999824523926
-0.32499998807907104,0.32499998807907104,9.692000389099121
-0.49799999594688416,0.20999999344348907,9.42300033569336
-0.3440000116825104,0.3059999942779541,9.711000442504883
-0.5170000195503235,0.20999999344348907,9.461999893188477
-0.3440000116825104,0.3059999942779541,9.633999824523926
-0.4020000100135803,0.3059999942779541,9.692000389099121
-0.4020000100135803,0.28700000047683716,9.595999717712402
-0.42100000381469727,0.2680000066757202,9.729999542236328
-0.4020000100135803,0.3059999942779541,9.595999717712402
-0.3630000054836273,0.28700000047683716,9.652999877929688
-0.32499998807907104,0.32499998807907104,9.67199993133545
-0.3630000054836273,0.3440000116825104,9.67199993133545
-0.382999986410141,0.32499998807907104,9.711000442504883
-0.32499998807907104,0.3630000054836273,9.826000213623047
-0.382999986410141,0.32499998807907104,9.595999717712402
-0.382999986410141,0.3059999942779541,9.442999839782715
-0.4020000100135803,0.24899999797344208,9.711000442504883
-0.382999986410141,0.3059999942779541,9.767999649047852
-0.24899999797344208,0.3630000054836273,9.86400032043457
-0.3630000054836273,0.3059999942779541,9.57699966430664
-0.2680000066757202,0.382999986410141,9.652999877929688
-0.45899999141693115,0.20999999344348907,9.74899959564209
-0.42100000381469727,0.24899999797344208,9.711000442504883
-0.32499998807907104,0.3059999942779541,9.711000442504883
-0.4020000100135803,0.2680000066757202,9.67199993133545
-0.3440000116825104,0.3059999942779541,9.519000053405762
-0.3440000116825104,0.32499998807907104,9.652999877929688
-0.3630000054836273,0.2680000066757202,9.711000442504883
-0.3440000116825104,0.3440000116825104,9.67199993133545
-0.3440000116825104,0.28700000047683716,9.711000442504883
-0.4020000100135803,0.3630000054836273,9.74899959564209
-0.382999986410141,0.28700000047683716,9.595999717712402
-0.3440000116825104,0.28700000047683716,9.692000389099121
-0.3630000054836273,0.32499998807907104,9.711000442504883
-0.3630000054836273,0.3059999942779541,9.711000442504883
-0.4399999976158142,0.28700000047683716,9.692000389099121
-0.382999986410141,0.32499998807907104,9.595999717712402
-0.3630000054836273,0.28700000047683716,9.652999877929688
