138,-51.75,51.25
138,-51.75,51.25
138,-51.75,51.25
136.75,-52,51
136.75,-51.75,51
136.75,-51.75,51.25
137.25,-51.75,51.25
137.25,-52,51
137.25,-52,51
137.25,-52,51
137.25,-52,51
137.25,-52,51
137.25,-52,51
137.25,-52,51
137.25,-51.75,50.25
137,-51.75,50.75
137.75,-51.25,51.25
137.25,-50.25,50.75
137.5,-50.75,51
137.75,-51,51
138,-50.75,51
138.25,-51,51
138,-51.25,51
138,-51.25,50.75
138,-51.25,50.75
138,-51.25,50.75
138,-51.25,50.75
138,-51.25,50.75
139,-51.75,51.75
138,-51.5,52.5
138,-51.5,53.25
137.75,-51.5,53.25
138.5,-51.25,53.25
139.25,-51.25,53.5
139.25,-50.5,55.25
139.5,-50.5,56.75
140.75,-50.5,63.5
141.25,-49.5,69.75
141.75,-47.25,73
142.5,-46.5,73
143,-47,70.25
144,-48,68.5
143.75,-48,67.75
144.25,-47.25,69
144.5,-47.75,67
145.25,-48,64.75
144.5,-48,61.25
143.25,-48.25,59.75
142.75,-49,58.5
142.75,-49,58.25
143.25,-49.5,59.75
143,-49.25,62.5
143.75,-48.75,64
144.25,-47.75,65
144.75,-47.5,64.5
144.75,-48.25,62
144,-48.25,61.25
143.25,-48.5,60.25
143,-48.75,62
143,-47.5,66.5
143.25,-46.25,70
144.25,-45.75,70
144,-45.75,69
144.5,-46.5,67.5
144.5,-47,66.25
143.75,-47.25,64.5
143.75,-48,63.5
142.75,-49,63
142.75,-49,63
142.75,-49,63
142.75,-49.25,60.75
142,-49.25,60
141.25,-49,58.75
141.5,-49.5,59
141.5,-49.5,58.75
140.75,-49.75,58.25
140.75,-49.75,58.25
140.75,-49.75,58.25
139.75,-50.25,56.5
140.5,-49.75,56.5
140.75,-48.75,57
140.5,-49.5,56.5
140.5,-50,57
140.5,-50.25,57.5
140.5,-51,57.75
140,-49.5,58.25
140,-50,58
139.75,-50,56
137.5,-51,54
136,-51.25,53.25
137.5,-51.75,50.25
137.5,-51.75,47.5
137.25,-52.5,45.5
137.5,-52.25,42.5
138,-52.75,41
138.75,-52.5,40
139,-54,40
138.25,-54.75,40.5
138.75,-54.75,40.25
138.5,-54.25,36.25
136.75,-51.5,28.25
138.25,-50.75,20.5
138.25,-50.5,17.25
139.25,-50.75,14
140,-51.25,13.75
139.5,-51,13.75
138.75,-50.75,14
139,-50.25,14.25
139,-50.25,14.25
138.5,-51,14
139,-51.25,13.25
139.5,-50.75,13.75
139.25,-51,13.75
139,-51,13.75
139,-51,13.75
139,-51,13.75
139,-51,13.75
139,-51,13.75
139,-51,13.75
139,-51,13.75
139,-51,13.75
139,-51,13.75
139,-51,13.75
139,-51,13.75
139,-51,13.75
139,-51,13.75
139.75,-50.75,13.75
139.5,-51,13.5
138.5,-50,13.5
138.75,-51,14.25
138.75,-50.75,13.5
139.25,-51,13.5
139.25,-50.75,13.75
139,-51,13.75
139,-51,13.75
139.75,-50.75,13.75
140.25,-50.75,13.75
140,-50.75,13.25
139.25,-51.5,13.5
139,-50.75,13.75
139.5,-51,14
138.5,-51,14
138.5,-51,14
138.5,-51,14
139.25,-50.75,13.5
139.25,-50.75,13.5
139.5,-51.25,14
139.75,-51,14
139.75,-50.5,14
139.25,-50.25,14.5
138.5,-50.75,14.75
139.25,-50.75,14
138.75,-51,13.75
139.75,-51.25,13.25
139,-50.75,13.25
139,-50.5,13.25
139.5,-50.75,13.75
139.25,-51,13.25
139.5,-51,13.25
139.25,-51,13.75
139.25,-51,13.75
138.25,-51.25,13.5
138.75,-51.5,13.5
139.25,-51.5,13.75
139.5,-51.25,14
139.75,-51,14
139.75,-51,14
139.75,-51,14
139.75,-51,14
139.75,-51,14
139.75,-51,14
139.75,-51,14
139.75,-51,14
139.75,-51,14
139.75,-51,14
139.75,-51,14
139.75,-51,14
139.75,-51,14
139.75,-51,14
139.75,-51,14
139.75,-51,14
139.75,-51,14
139.75,-51,14
139.75,-51,14
139.75,-51,14
139.75,-51,14
139.75,-51,14
139.75,-51,14
139.75,-51,14
139.75,-51,14
139.75,-51,14
139.75,-51,14
139.75,-51,14
139.75,-51,14
139.75,-51,14
139.75,-51,14
139.75,-51,14
138.75,-51.25,13.75
139,-51,14.25
139.25,-51.25,13.75
139,-51,14
139.25,-51,14
139,-50.75,14.5
139,-50.75,14.5
139,-50.75,14.5
138.75,-51.5,13.5
139.25,-50.75,13.5
139.25,-51.25,13.75
138.5,-51.25,13.5
138.5,-51.25,13.5
139.25,-51.25,13.5
139.75,-51,13.5
139.75,-51.25,13.75
139.5,-51.25,13.5
140,-51.25,13.5
140,-51.25,13.5
140,-51.25,13.5
139.5,-51.5,14.25
139,-51.5,14
138.75,-51.5,14
138.75,-51.25,14
138.75,-50.75,14.25
138.75,-50.75,14.25
138.75,-50.75,14.25
138.75,-50.75,14.25
139.5,-50.75,14.5
139.75,-50.75,14.5
139.75,-51.25,13.75
139,-51.25,14.5
139,-51,14.5
139,-51,14.5
139,-51,14.5
139,-51,14.5
139,-51,14.5
139,-51,14.5
139,-51,14.5
139.5,-50.5,13.5
139.5,-50.75,14.25
139.75,-50.75,13.5
139.25,-50.5,13.5
139.75,-51.25,14.75
139.5,-51,13.5
139.5,-50.5,14
139.75,-51.5,13.75
138.5,-48.5,18
139.25,-50.25,15.25
138.75,-48.25,19.5
139,-50,15.75
138.5,-51,14
138,-51,13.75
138.75,-50.75,14
139.5,-50.75,14
139.5,-50.75,14
139.5,-50.75,14
139.5,-50.75,14
139.5,-50.75,14
139.5,-50.75,14
139.5,-50.75,14
139.5,-50.75,14
139.5,-50.75,14
139.5,-50.75,14
139.25,-51.75,13.75
139,-51.5,13.75
139.5,-51.5,13.75
139.25,-51,14.25
139.75,-51.5,14.25
139.75,-51.5,14.25
139.75,-51.5,14.25
139.75,-51.5,14.25
139.75,-51.5,14.25
139.75,-51.5,14.25
139.75,-51.5,14.25
139.75,-51.5,14.25
139.75,-51.5,14.25
139.75,-51.5,14.25
139.75,-51.5,14.25
138.75,-51.25,14.25
139.25,-51,13.25
139.5,-51,13.25
139.75,-51.5,13.75
139.25,-51.25,14.5
139.25,-51.25,13.5
139.5,-51,13.5
139,-51,14.25
139.25,-51,13.75
139.25,-51,13.75
139.25,-51,13.75
139.25,-51,13.75
139.25,-51,13.75
139.25,-51,13.75
139.25,-51,13.75
139.25,-51,13.75
139.25,-51,13.75
139.25,-51,13.75
139.25,-51,13.75
139.25,-51,13.75
139.25,-51,13.75
139.25,-51,13.75
139.25,-51,13.75
139.25,-51,13.75
139.25,-51,13.75
139.25,-50,14
139.5,-50.25,13.5
139,-51.25,13.5
139,-51.5,13.75
139,-51,14.25
139.5,-51,14
139,-50.75,14
139,-50.75,14
139,-50.75,14
139,-50.75,14
139,-51.25,13.5
139.75,-52,13.75
139,-51.25,14.25
139.5,-51.25,14
140,-51,13.75
144.5,-49,11.5
148.25,-50.25,13.5
154,-52.5,17.5
156,-64.75,25.25
153.25,-73.75,27.25
157,-75,31.25
125.25,-58.25,19
108,-48.25,15
96,-35.75,9
92.5,-30.25,6.75
91.75,-29,6
91,-30.25,5.25
90,-26.5,3.25
87.75,-21.75,0.75
84.75,-18.5,-0.5
84,-17.75,-2.5
84,-17.5,-6
85,-16.5,-7.5
85.5,-16.25,-9.5
85.5,-16.25,-9.75
86,-16.25,-10
86,-16,-9.75
86.5,-16,-9.75
86.5,-16,-9.75
86.5,-16,-9.75
86.5,-16,-9.75
86.5,-16,-9.75
86.5,-16,-9.75
86.5,-16,-9.75
86,-16,-10.25
85.5,-16,-9.5
86,-16.25,-10
85.75,-16,-10.25
85.75,-16,-10.25
85.75,-16,-10.25
85.75,-16,-10.25
85.75,-16,-10.25
85.75,-16,-10.25
86,-15.75,-8.75
85.5,-15.75,-9.25
85.5,-16.25,-9.75
86,-16.25,-9.75
86,-16.25,-9.75
86,-16.25,-9.75
86,-16.25,-9.75
86,-16.25,-9.75
86,-16.25,-9.75
86,-16.25,-9.75
86,-16.25,-9.75
86,-16.25,-9.75
86,-16.25,-9.75
86,-16.25,-9.75
86,-16.25,-9.75
86,-16.25,-9.75
86,-16.25,-9.75
86,-16.25,-9.75
86,-16.25,-9.75
86,-16.25,-9.75
86,-15.25,-9.5
85.75,-15.75,-10
85.5,-15.75,-9.75
85.25,-16,-9.5
85.5,-16.25,-9.75
85.5,-16.25,-9.75
85.5,-16.25,-8.25
86.25,-16,-8.75
85.5,-16,-9.75
85.75,-16,-9.75
85.75,-16.25,-9.75
85.5,-16.5,-8.75
85.5,-16.5,-8.75
85,-16.5,-9.75
85.25,-16.5,-10.25
86,-15.75,-10.25
85.25,-15.5,-10.5
85.25,-15.5,-10.5
86,-15.75,-10.25
86,-15.75,-9.75
86,-15.75,-10
85.5,-16,-9.25
85.75,-16,-9.25
85.75,-16,-9.25
85.75,-16,-9.25
85.75,-16,-9.25
85.75,-16,-9.25
85.75,-16,-9.25
86,-16,-10.25
85.75,-16.5,-10.25
85.5,-15.75,-10.25
86,-15.5,-10.75
85.5,-15.5,-10
86.25,-15.25,-8.75
85.5,-15.5,-9.5
86,-16,-10.25
85.75,-16.5,-10
86,-16.25,-9.75
86,-16.25,-9.75
86,-16.25,-9.75
86,-16.25,-9.75
86,-16.25,-9.75
86,-16.25,-9.75
86,-16.25,-9.75
86,-16.25,-9.75
86,-16.25,-9.75
86,-16.25,-9.75
85.75,-16,-10.5
85.25,-15.75,-9.25
85.25,-16,-9.25
85.25,-16.5,-9.25
85.5,-16.5,-9.75
85.5,-16,-9
85.25,-16.25,-10.25
85.5,-15.5,-10
85.75,-15.25,-9.5
86,-16,-9.75
86,-16,-9.75
86,-16,-9.75
86,-16,-9.75
86,-16,-9.75
86,-16,-9.75
86,-16,-9.75
86,-16,-9.75
86,-16,-9.75
86,-16,-9.75
86,-16,-9.75
86,-16,-9.75
86,-16,-9.75
86,-16,-9.75
86,-16,-9.75
86,-16,-9.75
86,-16,-9.75
86,-16,-9.75
86,-16,-9.75
86,-16,-9.75
86,-16,-9.75
85,-16,-10
85.5,-16.5,-9.5
85.75,-16.5,-9.5
86,-15.5,-8.75
85.25,-14.75,-9.25
85.75,-15.75,-9.5
85.25,-15.75,-10
85.5,-15.5,-10
86,-16,-10.25
86,-16,-10.25
85.5,-15,-9.75
85,-15.5,-9.5
85.25,-16,-9.5
85.75,-16,-9.75
85.5,-15.5,-10.25
85.5,-15.5,-10.25
86.25,-15.5,-10
85.25,-16.25,-10
85,-16,-10
85,-15.75,-10.25
86,-15.5,-9.75
86,-15.5,-9.75
86,-15.5,-9.75
85,-16,-9.75
85.75,-16,-9.5
85.75,-15.75,-10.25
85,-15.75,-9.75
85.25,-15.5,-9.75
85.25,-16.25,-10
85.75,-16,-10
85.75,-15.5,-10
85.75,-16,-9.5
86,-16,-9.25
86,-16,-9.25
86,-16,-9.25
86,-16,-9.25
86,-16,-9.25
86,-16,-9.25
86,-16,-9.25
86,-16,-9.25
86,-16,-9.25
86,-16,-9.25
86,-16,-9.25
86,-16,-9.25
86,-16,-9.25
85.75,-15.5,-10.25
85.5,-16.5,-9.5
85.75,-16.5,-9.5
85.5,-16.5,-10
85.75,-16.25,-9.5
85.75,-16.25,-9.5
85.75,-16.25,-9.5
85.75,-16.25,-9.5
85.75,-16.25,-9.5
85.75,-16.25,-9.5
85.75,-16.25,-9.5
85.75,-16.25,-9.5
85.75,-16.25,-9.5
85.75,-16.25,-9.5
85.75,-16.25,-9.5
86,-16.5,-10.25
86,-16,-10.5
85.75,-15.75,-10.25
85.5,-15.5,-10
86,-16.5,-10
86,-16.5,-10
86,-16.5,-10
86,-16.5,-10
86,-16.5,-10
86,-16.5,-10
86,-16.5,-10
86,-16.5,-10
86,-16.5,-10
86,-16.5,-10
86,-16.5,-10
86,-16.5,-10
86,-16.5,-10
86,-16.5,-10
86,-16.5,-10
86,-16.5,-10
86,-16.5,-10
86,-16.5,-10
86,-16.5,-10
85,-16,-10
85.25,-15.75,-9.75
85.5,-16.25,-10.25
85.5,-16.25,-9.75
85.75,-16.25,-9.25
85.75,-16.25,-9.25
85.75,-16.25,-9.25
85.75,-16.25,-9.25
85.75,-16.25,-9.25
85.75,-16.25,-9.25
85.75,-16.25,-9.25
86,-16,-10
85.5,-15.75,-8.75
86,-15.5,-9.75
86,-15.75,-9.75
85.75,-15.75,-9.5
86.25,-16,-9.5
86.25,-16.25,-10.25
86.25,-16.25,-10.25
86.25,-16.25,-10.25
86.25,-16.25,-10.25
86.25,-16.25,-10.25
86.25,-16.25,-10.25
86.25,-16.25,-10.25
86.25,-16.25,-10.25
86.25,-16.25,-10.25
86.25,-16.25,-10.25
86.25,-16.25,-10.25
86.25,-16.25,-10.25
86.25,-16.25,-10.25
86.25,-16.25,-10.25
86.25,-16.25,-10.25
86.25,-16.25,-10.25
86.25,-16.25,-10.25
86.25,-16.25,-10.25
86.25,-16.25,-10.25
86.25,-16.25,-10.25
86.25,-16.25,-10.25
85.25,-15.75,-9.75
85.25,-16,-9.75
85.5,-16,-10
86,-16.25,-9.75
86,-16.25,-10.25
86,-16.25,-10.25
86,-16.25,-10.25
86,-16.25,-10.25
86,-16.25,-10.25
86,-16.25,-10.25
86,-15.25,-9.5
86,-15.5,-9.25
86.5,-16,-9.5
86,-15.75,-10
85.5,-16,-10.5
85.5,-16,-10.5
85.5,-16,-10.5
85.5,-16,-10.5
86.25,-15.75,-10
86.25,-15.75,-9.75
85.5,-15.75,-10
85.25,-16,-10.25
85.25,-15.75,-10
85.25,-15.75,-10
85.25,-15.75,-10
85.25,-15.75,-10
85.25,-15.75,-10
85.25,-15.75,-10
85.25,-15.75,-10
85.25,-15.75,-10
85.25,-15.75,-10
85.25,-15.75,-10
85.25,-15.75,-9.5
86,-15.5,-9.5
86,-16,-9.75
86,-15.75,-9
86.5,-15.75,-9.25
86.5,-15.75,-10
85.5,-16.25,-10.25
86,-15.75,-9.75
85.75,-16,-10
85.75,-16,-10
86,-15.75,-9.5
86,-15.75,-9.5
86,-15.75,-9.5
86,-15.75,-9.5
85,-15.5,-9.75
85,-15.25,-10.25
85.75,-15.75,-9.75
86,-16,-9.5
86,-16,-9.75
86,-16,-9.75
86,-16,-9.75
86,-16,-9.75
86,-16,-9.75
86,-16,-9.75
86,-16,-9.75
86,-16,-9.75
84.5,-15.75,-9.75
86,-14,-11.25
88.5,-12.25,-11.75
89.75,-10.5,-10
93.25,-4.5,-6
93.25,0.25,-2.5
93,3,-1.25
93,8.5,0
90.5,17,5.5
86,20,7
83.5,21,8
81.5,23,8.75
80.25,25.5,8.75
79.75,26.25,9.25
76,28.75,10.5
74.25,29.5,11.25
73.5,29.75,11.25
74.25,29.5,10.75
74.5,29.5,11
74.5,29.5,11
74.5,29.5,11
74.5,29.5,11
74.5,29.5,11
74.25,29.25,11.75
74.25,29.25,11.25
73.75,29.75,11.5
74.5,29.5,11.25
74.5,29.25,11.25
74.5,29.25,11.25
74.5,29.25,11.25
74.25,29.75,11.25
74,29.75,11.5
73.5,29.75,11.25
74,29.5,11.25
74.5,29.5,11.75
74.5,29.5,11.75
73.5,29.75,12
74,29.75,11.25
74.25,29.5,11.25
74,29,11
74.5,29.25,11.25
74.5,29.25,11.25
74.5,29.25,11.25
74.5,29.25,11.25
72.75,29.25,15
67.75,31.25,19
61.25,33.5,21.5
53.25,34,23.75
47,35.75,26.5
45,37,27.75
40,37.5,28
38,36.75,28
37,37.25,28.5
37.75,37.25,28.25
37.75,36.75,28.75
36,38.5,32.25
34.5,37.25,29.5
30.75,36,29
23.25,36.25,31.5
18.75,37.5,32.5
15.25,38.25,33.25
14.5,38,33
13.5,38.5,33.75
14,38,34
13.5,38,33.25
13.5,38,33.25
12.5,37.5,33
9.75,36.75,33.5
7.75,35.75,34.25
6.5,35.5,33.75
6.25,35,33.75
4.5,34,34
2.75,33.25,34
2,32.75,34.25
0.25,30.5,34.5
-0.75,29.75,34.75
-1.25,29.25,34
-0.75,29,34.25
-0.5,29.25,35
-0.5,29.25,34.5
-0.5,29.25,34.5
0,30,34.5
1,31.5,37.75
2.5,32,35
2.75,32.5,34
1,32.75,36
0.75,32.5,36.25
0.5,32,36
1.5,32.5,36
0.5,32.5,35.5
1.25,32.5,35.75
1,33.25,35.5
1.5,33,36
1.5,33,36
1.5,33,36
1.5,33,36
2.25,33,36.25
2,33.25,35.75
1.75,32.75,36
0.5,32.5,36
0,31.75,35.75
-0.5,30.5,36
-2.75,29.5,36.5
-3,28.75,36.5
-4.75,28.25,36.5
-4.5,26.25,36.5
-5.5,25,36.5
-6,24.25,36.5
-6.5,23,36.25
-13.25,20.75,36.25
-14,21.5,35
-13.5,23,34.75
-11.5,25.75,35
-10.25,26.5,34.75
-9.5,27.75,34.5
-8.75,28.5,35
-8.5,28.5,35
-8.5,28,35.25
-9.5,28,35.25
-9.5,27.25,34.75
-10.75,26.25,35
-11.25,26.5,34.75
-11.25,25.75,34.25
-10.75,25.75,34
-10.75,26.75,34.5
-9.75,26.5,34.5
-10.75,29.5,37.5
-10.25,27.75,35.5
-9.75,27.5,34.5
-9.25,27.75,34.5
-9.75,27.75,35
-9.75,27.75,35
-9.75,27.75,35
-9.75,27.75,35
-9.75,27.75,35
-9.75,27.75,35
-10.5,27.5,34.75
-9.75,27.25,34.5
-10.75,27.75,34.5
-10.25,27.25,34.25
-10.25,27.25,34.75
-10.25,27.75,35.25
-10.25,27.75,35.25
-10,26.75,34.75
-9.75,27,34.25
-9.5,27.75,34.75
-9,28.25,34.25
-8.75,29,34.75
-8.25,28.75,34.5
-8,28.75,34.5
-8,28.25,34.75
-8,29,34.75
-8.25,29.5,34.25
-7.5,29.5,34.25
-7.75,29.5,34.25
-7.75,29.5,34.25
-7.75,29.5,34.25
-7.75,29.5,34.25
-7.75,29.5,34.25
-7.75,29.5,34.25
-7.75,29.5,34.25
-7.75,29.5,34.25
-9,30.25,34.5
-8.5,29.75,34.5
-8.25,29.25,34.75
-7.75,29,34.25
-8.5,29,34.25
-8.25,28.75,34.25
-8.25,29,34.5
-7.75,29.5,35.25
-7.75,29.5,35.25
-8.75,28.75,34.5
-8.75,29,34.5
-8.75,29,34.75
-9.25,29.25,34.5
-9.25,28.75,34.75
-9.25,28.75,34.75
-9.25,29.75,39.75
-9.25,29,35.75
-9.25,28,35
-8.25,27.75,34.5
-8.5,28,34.5
-8.25,28.25,35
-9,28.25,34.5
-9.5,28,34.25
-9,27.75,34.25
-9,27.75,34.5
-9,26.5,34.25
-9.75,26.75,34
-9.75,27,34
-10.25,26.5,33.75
-9.5,27,34.25
-9.75,26.5,34.5
-10,26.25,34.5
-10.25,26.25,34.25
-10.25,26.25,34
-10.25,26.25,34
-10.25,26.25,34
-10.25,26.25,34
-10.25,26.25,34
-11,25.5,34.25
-10.75,24.75,34.5
-11.25,25.25,33.75
-11.5,24.5,34.5
-11.5,24.5,34.5
-11.5,24.5,34.5
-12.25,24.5,34.5
-12.5,24,34
-12.25,23.25,34
-15,20.75,33.25
-16.5,19.75,33.5
-16,19.75,33.25
-16.5,19.25,33.75
-16.25,19,33.5
-16.25,19,33.5
-16.25,19,33.5
-16.25,19,33.5
-17,18.25,33
-17.25,17.75,33.5
-17.75,17.5,32.75
-17.25,17.75,33.25
-17.5,17.25,33
-17.5,17.25,33
-17.5,17.25,33
-17.5,17.25,33
-18.5,16,33
-18.5,15.25,33.75
-18.5,15.25,34
-18.75,15,33.75
-19.25,13.75,33.25
-19.25,14,33.75
-19.25,14,33.5
-19.75,14.25,34.25
-19.75,14.25,34.25
-19.75,14.25,34.25
-19.75,14.25,34.25
-19.75,14.25,34.25
-19.75,14.25,34.25
-19.75,14.25,34.25
-19.75,14.25,34.25
-19.75,14.25,34.25
-19.75,14.25,34.25
-19.75,14.25,34.25
-19.75,15,34
-19.25,15.5,34.25
-18.5,16,33.25
-17.75,15.25,34.25
-18.75,19,36.75
-18,18,34.5
-17.75,17.75,33
-17,17.5,33.5
-17.25,18,33.75
-17,19,33.75
-17,19,33.75
-17,19,33.75
-16.25,20,33
-15.5,21,33
-15.5,21,33
-15,21.25,32.75
-14.5,21.25,32.5
-14.5,21.25,33.25
-15,21.75,33.25
-14.75,22.5,32.75
-14.75,22.75,33.25
-14.75,22.75,33.25
-14.75,22.75,33.25
-14.75,22.75,33.25
-14.75,22.75,33.25
-14.75,22.75,33.25
-14.75,22.75,33.25
-14.75,22.75,33.25
-14.75,22.75,33.25
-14.75,22.75,33.25
-14.75,22.75,33.25
-14.75,22.75,33.25
-14.75,22.75,33.25
-14,23.5,33
-13.75,23,32.5
-13.5,22.75,33
-14,23,33.5
-13.5,23.25,33.5
-13.5,23.25,33.5
-13.5,23.25,33.5
-13.5,23.25,33.5
-13.5,23.25,33.5
-13.5,23.25,33.5
-13.5,24,32.75
-13.25,23.75,32.25
-13,24.25,31.5
-13,23.75,32.5
-12.5,24,32
-12.5,24,32
-12.5,24,32
-11.5,24.75,32.5
-12.25,24.75,33
-11.25,24.75,32.5
-11.75,25,32.5
-10.75,25,32.75
-11,25.25,33.25
-11,25.25,33.25
-11,25.25,33.25
-11,25.25,33.25
-10,26,32.5
-10.25,26,32.25
-10.25,26.5,32.5
-10.25,26.25,32.75
-9.5,26.5,32.25
-10.25,26.75,31.75
-10.25,26.75,32
-9.75,26.75,32.25
-10,26.75,32.25
-10.25,26.5,32.75
-9.75,27,32.5
-9,27,32.25
-9.25,27,31.75
-9.25,27,32
-9.25,27,34
-9,27.75,32
-9,27.5,32
-8.5,27.25,32
-8.5,27.5,32.25
-8.5,27.5,32.25
-8.5,27.5,32.25
-8.5,27.5,32.25
-8.5,27.5,32.25
-8.25,28.25,32
-7.75,28,31.75
-7.25,28,31.5
-7,28.75,31.75
-6.75,28.5,31.75
-6.75,28.5,31.75
-7.25,28.25,32.5
-7,28.25,32.25
-6.5,28.75,31.75
-7,28,32.5
-6.5,28.5,32.25
-6.5,28.5,32.25
-6.5,28.5,32.25
-6.5,28.5,32.25
-6.5,28.5,32.25
-6.5,29.75,33
-5.75,29.25,32.25
-5.5,29.25,32.25
-5.75,29.5,32.25
-5.5,29.25,32
-5.25,28.75,32
-5.5,29.5,32
-5.75,29.5,32
-6,29.25,31.5
-6.5,31.75,33.25
-5.5,29.75,32.5
-5.75,29.5,32.75
-5.25,29.25,31.5
-5,29,31.5
-5,29,31.5
-5,29,31.5
-5,29,31.5
-5,29,31.5
-5,29,31.5
-5,29,31.5
-4.25,29.75,32
-4,29.75,31
-3.75,30.25,31.25
-3.5,30.75,31
-3.5,30.25,32
-2.75,30.25,32
-3,30.75,31.25
-2.5,31,31.25
-2.75,31,31.25
-1.75,31,30.75
-2,31.25,31.25
-1.5,30.75,31.25
-1.75,31,31
-1.5,30.75,31.25
-1.5,30.75,31.25
-1.5,30.75,31.25
-0.5,31.75,31.25
0,31.25,31
0.25,31.75,31
0,31.75,31
-0.25,31.75,30.5
-0.5,31.25,31.25
-0.25,31.25,30.75
0,31.25,30.75
-0.5,31.75,30.25
-0.25,31.5,30.25
0,31.25,31
0.25,31.75,32
0.5,31.5,31
0.25,31.5,30.5
0,31,30.25
0.25,31.5,30.75
0.25,31.5,30.75
0.5,32.25,30.75
0.5,32.5,30.5
0.5,32,30.75
0,31.5,30.75
0,31.5,30.5
0.25,32.25,30.75
0,31.5,30.75
-0.25,31.5,30.75
0,30.5,31.5
-0.25,31.5,31
-0.75,31.25,30.5
-0.75,31.25,31.5
-1,30.5,30.75
